10110010111000101011111100001011
00111101100001110001110100010100
01100000011001001110001000111111
00101010011000010110001010001010
10001100100000100101100000111101
00110100101010101001010001101000
10001110010000101010000011010011
11111111001011011100000101011110
00011110011001011011101001001000
01010100110100100011001101101001
01000111110111001100000011010100
11110001101100100001111000111011
11100101111110110010010100001011
01001011100110110100100001000100
01010001110011001101100111110101
01011010110100101010100010110010
00011100111011000111010110000000
11001011000110001111011100010001
00100111011110010110100110110011
11000100110001110100101110001011
10011010101001111101011100110011
00100001010011100101000010110101
00011001100011110101001101010111
11011011100101011000001101101011
00010010010110001001010000000111
01000000111000010101010000110101
01010100001001111100111001001110
10010100101100111111010100101110
11001001110101100000110011000000
01100001111011100011100110111010
00100101101111001000011011000110
11000111101010001010000000011101
11001000111101000101001000101100
11001001000010011010110110101000
10101010010111111001001101111001
11010110101101001101010100110010
01000001101101011101110000101100
01001000110101001101111000010000
10111011001001110000000011110101
01011000011000101011010001100010
00001111110001000100100000100011
11100001101010010001110110001011
10100110001100011101111000011000
10110011000001010000100100000110
01000000111000100101100100111001
10010000001000010110010101100000
00101010010101001001110110000010
11110011100011011101010111010110
11011100111110101010111111000100
10011011010011110011001100100011
10010111100000011100100110010001
01011100000111011011100111100100
10101001010000111101101011010000
11010111011001100010110001110101
11000111000000111110101000010011
11110100111000111001010010110110
00000100001101111100010101000010
10100111111001011100010100111111
11111000110101001110001001000011
11011100110101011000011100011100
11011001100110111111001111111101
11100000101011011010100000011110
10111111010110110001101011100111
01101101111000111110111000001010
10001100111111101010111011101110
00111110111110110111101101101100
01110000010000101011010110000111
01101011010010101111101111000111
00110100101001000101000010001011
10001111011111111011010101101110
10010101100111111001111100011010
01000100010111100110011010101000
00101101111110000101010001011100
11000011001010000110011101101010
01110001110110100011001011100011
11100110011111001111100011100100
00110011001100101010101000111100
11111010011011000000001011111010
01101101100001101101001000111110
10011010011010100000011101100011
00010111010011000101101111000010
01000111011010000110111001000110
01101011110110010001000000001011
11010011011011000010110011010101
00100000011001010010101110111010
10000011010101111100010000101110
10000000110010100101001110100100
10100011101001001110100101101001
01000111011111100011011101010101
01111110111110100011111110111111
10100011100111001101101110110100
01000011111001111011111010010000
00100001101101011111001011101011
11001110100100101101111000010011
01101011111010000011100101101111
00011000101111011111010101100001
01000111110101011110111110110101
10101101000011111101100101100001
11100000010000111010001010101010
00110011010000011110010010110000
10101010010100010001100000000011
10001101101001001101001110001010
11001010110101010111001100101100
10100111101011001010101011001111
01000110101001001101111101011011
00010110000111111010001010000101
00011111100101001100001110001111
10000000110110111011000111110111
00110000000000001111011000000111
00011011001000000000110010000011
01100010000111000101010111111110
00000010011001101001111100100010
00100010100011011001011110000000
01011111001001101111111100110101
00111011011111101101001100111101
01100100110010011010101010000110
10010000101010001000100101101011
11000011101010101101010000111110
00100011111011000001010010001100
11110100101101001011100110001011
01100110110011111000001110100110
01101010000011001011101001100011
10011000011110000101101100001110
01011110010100100100101000001110
00101110100011111111001111010111
01111011100110111101000110000011
00101101011001111000011100110100
11100110101100010010111011111100
01111001100001011100011101010011
11010010101001001110101010101010
00100000001101011100111000001111
11000011000000010110111101110001
11001010001100101011010001100100
01010110101010010111011000111011
10001111110100001111101010110010
01011011010001110011110100001000
10010110001011111001111011100001
10010111110011110001101000010101
10100100110000011111010111011111
10000011111100111001111000110001
11011000101011010011000000110100
11011110111010110100000101101101
10111100010001111010001001001000
01001100100100110101111001100000
11111110011110110110110001000001
00011000111000001111000010000111
01100000110111000001010101110000
00011101110010001000110100101001
11010010000101010000000111101011
01110001111001101101111011100011
11110100010101110101111000010111
01101001100010011111011001110011
00100010010101100010010010001110
11001000100000101001011111111010
01101000111000001110010110010100
10001101000001110111110001010100
10111001111000111000100000110011
11100101011010110011111010000111
01100110110001110110011110011111
01111100101101100111011101001011
10010111001001110010001101110011
00100010101101101101101010101000
11100000011011110101101010001010
10101111000011010010001010100010
11010010011110000111001110100011
01100000100100100010010100010101
11011011011110110000111011010011
11000011000101011101000110011110
11110101100111111110111011010000
11100111000111101001100111100101
01000011110000110011010000000011
00011101001010111000100110110111
10111101100100001110100011100011
01010010101001110001000011001101
01010110101110011010010110000010
01001111100010101110010001011100
01011100000010111001001010110100
01000011010011110000111100110001
11010111100000110100101111101011
10100100011111100101101010100110
10010111000110000000101010101000
01000111110000110000100111111000
00101111100000001101010010000011
00010100000000100011100000101110
00111011000110111111010100110101
01010111010001011111100001001101
11010110000101010101110000001100
11111110011111100100110110101110
00100100100000011001100100111001
01101111100011110010110111110011
01100100011010000001010001011011
00010110111001000111001111110110
10101001001111010110001001010100
01010001000101101000000101010111
01110110101010100001010011000011
10011001101111000011100010100110
01111110001110011000110110101101
10010101001111110010110110110110
01101110100000010010110110110110
01110001010000000001111001101001
01000110100000010111010100110000
11000110110100111111001110001100
10111100110100101000111101010101
01001110101011101010001001110011
10001110001010101010011111111011
00011100000001010100010000010000
10000111110011110111010101011111
10001110101110101101010001001000
00111010000111010011111100010110
01011010110101011010010011101111
11111010101110000001001101100001
00101101011011000100000000001000
00101011000011101110001000100010
01000111010000001101001111010101
01000100001011100001111110000111
10000100111111111010101101011100
00101111111101101011111110011011
01001111101111100000010011001100
10010000100101000011101011100011
01100011110100110101100101100011
11100100010000111111111111000011
00101100000110100101000000100011
10111011101101000000001000001100
11001101110111111101010000101001
00111110010001111111100011011100
10100011100001001110010011000011
00010001000111010000010001001000
00101110010100000111111000101110
00011010001111001110001011011001
00101110010111110101110000101011
00101111011001100010010010000100
01100110100101011000100001001100
10010101100101011100100010010001
11010101111100101101011100011100
01110011000110100001001101101010
11011110100100100110001000000111
10000110111011100101101110001010
10100001011000001101111011000011
00011110110010101111100111001001
11000110111101101110111001011100
11111100001000001011101001110110
01110010000011110101111101101001
01111111000010110110101001110100
01110001111010110110111011111111
11101001011111111000101000011101
11010101111101010110001110100011
01101000010011100011101000110000
11011101101110001010011011110100
11110101101010001011011011100110
11011101111101110001110000011001
00001011110010001111011011010001
10100011110111001100010111000000
00011111001110000001010101110000
11101101000110011000011101000100
00111111001100011011000111110011
10001101011000010000100110100000
00010110001001101011100010110100
01000100000111100110101001110100
10011111101100001100010101011011
01000011101001000000001101000110
00100111010011000101101000110110
01100110110111001100110001100010
11110110011010010101111000010010
00010010110010100001110010011110
10111110010111110011000000110110
01101110100110000100000001111010
10010110010111011101000111000000
00000100101010101011110010010010
01100101001001010100011000010001
00111010100100001111001111001101
00100111000001101101010000010010
10101101110101101110100000000100
11111001100101011011101111001101
11111101110011011100011101101111
00100001001100111111110111001011
00110110000101001111111000101010
11001110111001010101010010100100
00101000101010111110001010100010
00000111101000010110010011011001
01010011100001000010111100110101
10000000010110001110001001000101
01010001101011000011011011001111
10111100100111111101100100100110
00110111100110101110111001101100
01000101110011100001010000011011
11000111011111000001100100101001
01011000111100100111011011010110
01111000011111110000001011101110
10011100001100111111101100010011
10111000101001111000011010100101
01111001100101100101011110100101
11100111000011011101110011010101
01000100001111100010101010111101
01101000000101111011001100111001
10100000110010101100010100111010
00100010100011010110110000000110
11010001110000001110101100011010
10110110101000011110011001010011
01010011001001111001011010001010
10110100110011100000000101011000
10000111000100010010110001010100
01000000100010001110010101111000
11101111000101110010101110000110
11011001000001110110111011110011
00010110111011010010110011100011
11100010110010001101111000000100
01101010011010011010101001101100
11011000100101010000100001101011
01111010001000101111011110100011
01011001101010100111010011111111
10000000010100101101000101001011
11000011111000100000010010010011
10110110110101011100000010100100
11100110101001100000111000100101
10111101111100010001000110101011
01110100100000110000101100001011
10100010110010010001101011010101
00110111000111111100111111110001
10101011110010100111000001001011
10010101100001111100100010100000
01111000010110010111101000000000
01010110100011011111111100111101
11000000110010101001100000000110
11011011101101101110010100110010
10100011100000011100001101110101
10000110100010010000000100000110
10001010100001011101110110011001
10111100000010101001011100101111
10101110110110001101101101010111
10001101101110100100011101011101
11011001101101011100111010101101
00111100010111001011101001100010
01100100100111001010111101110001
00100000100001010000100001111010
01000011001010110000110110011101
00010000001111100100001011100011
11000000011001000001000110000110
00000100000110011011011001110001
01000111101100100011001111001010
10101100111110011100010000100001
10100011011010001101010010001111
10011100010010111110001001011111
00110110011011100010010101010111
01110100100010101100000100010011
11000100100000101111010101000100
11001111110100111001000001011111
10010010111111000011010010001100
00010000000111111011110000101000
00001110100101010000101101001100
00101000111110101100010001100000
00100110011110010101011001001111
01111010111100011010001000000100
00010110110110110001010001001101
00110000111000110100000100100000
10100110110000011011010010011111
00111111100110001011100100110011
11100011111011111110000111100010
11101100010001010001100100111010
11011001000001000111000100011000
11101010100111100100110000001100
00110010001100101110110101100000
10101110001000000110110010110001
11000111000101100001100101000011
11001100101111100110001101110000
00010010011000000101111100111111
00100010011111110001100111100010
00001111010011011000000100101101
01000001011010111100001111010100
01001100111101011101000011100111
00000000000111110111000011111111
11000101011000000000101101110001
10110111101000011111101101001101
11011101111000010011110000111111
11011010000001110100000011100010
01001111010100101000010000100010
10000101111000111100110011001011
11001111101111011010001011110000
11010110101001011010010011101101
11001100000011011111100010010001
11000101011010010101000000000110
10001011110010010011011111110100
10110000111110010001010010010000
00010111101100011101110100101101
10101010101100100110010100001000
11100111110001011100100100100001
11001011100100100100110101001000
11110110110010100110100001111010
01100010110011000110111000000101
10010111111111111010011000100010
10010011011001101011110010011101
11110101000101000000010100110000
10100010000101110011000000000010
01111001011110001111010011011101
00100011001011110010110111001010
01101000011011000100110000100000
00101101110001111100001110100000
00001100110111000000011100001010
10100010110100111000001101111111
10111011100101011000101110111011
01011000111100110101111010111101
00100111110001000001101000011001
00101011100100110100111000011100
11000110000101000100000110010110
00001011111110111100011000100011
10011111000101111000011111110100
11110100010110011010010010110001
10111010100110101011100011010001
00100000000010110001001010011111
11000100111001010011110111101111
11101101100010010101100001101001
11001110011011100011010010110010
00000010110100001100010101011111
00101111011010011011110000111000
11100110010000001010110011111001
11100000111100001010100101010101
11010011110010000110111100011100
10111011000000101110001001101111
11100100001111001001000011011110
11111010011101101011101001110011
10001010100001100110001000011011
01011100001010101100001111010011
10100000100011000101000010101011
00000000010000001100011100100101
11100000010111101110101001010111
10000010001101101101000110110110
01001011010111100100101100011100
01001100111101111111011011011000
01000101000000101000010111100110
10001100010111000001100010001010
10111100111111110101010110011001
11100001100011100101010111000010
01010011111011111100100001010010
01010000110110110100110111010001
11111010100100011100011001111111
11101001001101101111011001101010
10101101100000011100100000000011
11001100110011010001011100111010
10111011101001011101001010001111
10110110001100111111001011011001
01000011111001101000100111010011
10011100100110110111101000110111
00101010010100100101110101101010
10100001001001110111100011010110
10111100010011100110111111011100
01111010100100011111111100100001
00110101100100011001101011011101
00101100101101110010011100011110
10011001111110000001111011001110
00001010011010010011101101001101
10010111011001000001010011100010
00010110011100110000010111000101
10010000010010000111011100110100
10010011011110001111100101101001
00111011110110100100011010010001
11100011011101010011011000001111
01110111100010000110100100001010
10011000000000011100010011011010
10010001010001110000110110100001
11011011010001000110111011110011
10011111000010000101011101101111
10100000010000100110100000000000
10110100100010001101011100101000
11111101001011100001110101001101
10100010101101001000010101001110
11011101010011101011000011100110
01111000100110010101101111011111
01111011101001000000010101110010
01001010111100001111101101011000
11111101011000100111111001000011
00001000100101010111010001010010
00110111111001001011011010111100
11010100100100100111111110111100
11110111101100110110110011010011
01111111101101000110001110111100
11101001001011111111001110101010
10111110010000011000110000110101
00010001101100110101000000001100
10101001000010011111111100011110
01100001011000001101011010100010
00010011000101101000010010010100
10111100011100111110010111001000
00110100011010010011101100001111
00010110010100010000101010101001
01011010010010100000111010111111
00101001111011001001110011110001
10010000011110010011000011111111
11011000110100110101001111011111
11001100111110010111010011010001
01001010100101000011001100100000
11000111001101110111101001110101
10111000111101110001111000000000
10001111010011111010100011000010
10101100011100011001011000101010
11100110010000100100000101101010
01000100100111111000000101111011
00101001110001111110111110010110
00110011101101001101110000110010
11011110010100111100010000110011
01001010101111011100100011010110
00010100110101011111010111001011
01001100110010000110011111100100
00001010011101000011001001001100
10000011010101111010110001100100
01001100100110100100001100101110
00100101000011011010011111011011
00101110010001101000110111111111
01001000101010001100010000100110
10100010011010110001001001100100
00110110101111110000100101001111
00000000011100010000111111001111
00111010000011101011111001101111
11100011101000001010000011000100
10000111110100110001011101101010
11101110111000001001000010011100
10110110000001110110101001001110
11101110011000000101110010001000
01010111011110101101001110010001
11011100100010110000111110111000
10000000011001010010100100101011
11110101100100111101111011101011
10001000100000010111001000111110
11101001101001001101111011101101
01011011100100111110001011111101
11111000001010010110000100010001
01111001101101101000000010001100
10111111011010011011110110011000
11001011101010100100000011010000
01111110001011100000101111100001
01110001100001100001001100111111
11011000101110111011101111000111
00101111111000110101000011101001
11000100101111000101011101100101
00011000101111011111100011110010
00101101101110100001111110110000
11011010000000110010000110101101
01001001100110001100100001110110
00110001101101000010101110010011
00001001110111111011011110000010
10011100110000111001100111111100
11111110101011101010011100000010
10001110001011010111110011101011
00111110100000010101110000001110
10100011000111001111110101000001
01010011110111100010011101011111
00000100010010010100000001110001
10111100010001110100111011011101
00110111110001001000001011101111
00011110001100011000011101010110
11010110000111110111000001001001
10000111111101101000011110000111
00010110101110000101010010110000
11000001100010100100010000110100
10001001110000111100010100100000
10111010110010110100011010100011
10000011100000111001110101111001
10110110001001101101010101101011
00101010010010100110010000101010
01011100110101110100001001000011
01010111001110001001101011011010
11011001101010000000001110100011
10000011101001111000001000010110
10011110111100100001101010101001
01100101100001000010110011001001
11010101010110100011000001001110
11000000101101001101111100010001
00000011100101110101101110001101
10110100011101001000101001100101
00100011110000100010100110011100
00001010101101100101110010011000
00000100001010010101100111100010
11110110100111100001101001100011
00111101001010010101000110101001
00100111001100001001101000000111
00101000010100000110011110101100
01110010111100001000111010111011
01000010110111110001101001000110
00000011101010011010010100011001
01011011100111110011010111101110
01011001011101110100111010100001
01000101001110010011001010111011
11011011100011111100010001010100
10011111011010111110101110001001
00101001101010100101000110011001
01111011110001111011011000110010
11010010111000110011100000010011
01101000101100100101101011110000
10010011000101010100101001100101
10111011011011000011001111100111
11110000110000010010001100110011
10000011011001010011000011111011
00011100110000000010100100011000
11000101010100100100010000111100
01000011101101111001001000101000
10010110111001010000001101111101
01111000110110110001000010000010
00110100100101010100000101000110
00011011100001001100110000001110
01111001101110101110001010110101
10100001111011110011011010100101
01010000011101011111111100001001
10111010001110111000110010111101
00011000001111110110100111100110
00100101100111110011010110111110
11100110001110110110110110010100
00100101111000111110100110010010
01000100010110101111000001111011
01110101000100101011011111010110
11001110101111101010101000000010
11100011001010000101000110010100
10101001001011110111101000101001
10010111111000001011010101111110
01011101000101001101011111001001
01000010111100000010111110101011
00111010111100010011001110011011
00101100111001000111010011100001
11011000011011010100100100100001
00100101000111001001100001111110
11010011101011101100100010110011
01010101110000011000001010011000
00001000110111011000011100110100
10101001001011100001001111110111
11000000001001000011000100100001
10001111100101010111010111110100
00001100100000101011000100010011
10010110110100010011000001000001
00101000001011101011001111000000
11110000001110100101101000110011
10001010110101011110000011000010
01101111100101001100110100111011
11101000000100110011111001101011
00101000101101011101100000110111
11100110101101111011110000111100
01011111110001010101101100110110
01101110010001110010111110001111
10011111100000011111010100000000
01100101001111010101001111000100
11111011000001001001101001000000
11110000110001000101110010111011
11101111101000001100011111000101
11100110111101001011111101101101
00011100101110001110101010000111
00001011111001101100001101110111
10100010000110000110000001101111
11110000000000110000001001101111
10011101100001100011100111000000
11010011110100001001100110101001
10010101110001000010011110110010
01100101010001101000100100010010
00001000110100101000000011010001
11111000001111110011100110101000
11110101101100000010011111001000
10100010101110101101100011000001
01100110001110011111000010100000
11010011011111010001011111000011
10001000111100111101011011101010
11000011001101010001100101010001
01101011010111000110111001011000
10000100010001101001011110110111
01010000010010000011000011000010
10100010000101001000000001111010
11000111100111001010110111010001
10001111000001100010001000111011
00000110000101001110111110010000
01001100101100001001111111001010
11010001101001000010110011100110
01101000000110110110001110111011
01100011001100110110011001111000
00011111110010100110000111100111
00001011011010110100100111001011
01000110001001100001100001110100
00010100100010011010111001010101
00011101001100000110101111101111
10000010011011101111001101001100
00001110011000111010101010000111
11011000000101010110011011110101
01110111110010011011101001011101
01101101000001001001000100001000
01110100100100110100011100111001
01100000100011111111011100110100
11010101000111000110011111000100
00101000101010100000101000101011
10101100101010101010111010110100
00001011001011000001101110111011
11111101111000000000101111000110
11001000000110100101000001111010
10011001010000110001011011000000
01001100110100100010100110001111
10101000100110101011010011010110
00111001011110110111001101010110
10111001110100000100011001011111
11001111010101100101011011110001
10100100100001010100010011100100
00001100111000110101101111111000
10000101000101001001110100010001
00000110000100011010111101000011
10111011101110110010101010111000
00001111100000111100101010101101
11000000011000000100001111110111
01100100010011101010111011111101
01000000000111111110110010100000
11101011011110000010111001010101
00111011001101100110101100000001
11100111101011111000010100010100
11110000101100010000101111010111
10101101011010100011001010010100
10001100001110010110010111100111
01000111010101001111101001101110
11100100100000101011110011000000
11000110000101100110001010111101
00100010111111111111010101011100
01010100000000011100010011101100
01100110010001110011001001100011
01000010110001000101101111111100
01111010101001011011101000010100
10110111101101001111101111000011
10001011100100011011001011100010
11001100000111010111100010110101
11000010101100110110011100000010
11001111011011010011100000001011
11010011110000001000100110100011
11101101100011110110010110001011
01010010011100101000001100000000
11100010010011110100100000110011
01101101001010000000001110100001
01110011101101101100011111110110
00110011101011100100000110110010
10010011101000001100010001000000
10101110110001000000100110100101
11110111010111011111000110101101
01001011101111000001111110111111
00110111100010110001110111011100
10000010101001001010010011010101
00100111100000001000010001101010
11101000011001010101010111010001
00100000110101111100010010011001
01100111000101001110001101011101
00011111001001011000110111110110
10110011100101010100011000100101
10010111101000111101011100001011
10011011010101001001100111111100
10101000110110001110010101101001
01111100101101100110101001010100
10000000001111000001000010111011
00000111111111100101111010011111
10100000111110000011111110000101
01100110111100110101101111110100
10100101000010111010001110111011
10001110000000011111111000101010
01001111101111010110010111010011
11010110000111100011010101001110
10110000110111100000001101010001
11101001001101001011111111000100
10100010111011101001010011101010
01000011010111111000011110000010
10101111101000000001010101100101
01101000101101100011010100010100
00011111011111111011111110110110
10010110000100101110001111111100
01100101101110110000110100011101
00100000011110101110110101001110
00011111110100111011000110110000
01101101000100010101000010010001
10100111000100001011111010111111
00001010001101010101100101000101
01000010011010001001100001110010
01101111111000011000101010001110
11110010101110010010111101011101
00101001101110001011011001001100
00010011100000100011001001000011
11110000011101011010100101110110
10011111000011101101110100010111
01011000111101111111111011011100
00010011110010101110110010111101
10010100110110101110000111111111
00111100000100100000101000111110
11001001011111110010000101010010
10101001110101000011001110000001
10000110011010110101001111111110
11010101011101001101111001011010
11010000111010111101001110010000
00011011110010010101000110011100
00000110110011110011100111011001
11001010000001000111000111011101
11001010000111001000100000010011
10110100011110101001000111010011
00011001100100001101101101110000
01000011100000110101111010000000
01111001001001000011111110010000
01101110001010000000110110000111
01111101001010111110011110101111
11100011100000110001001000111101
11101111110100101111110100011000
11011111100111101101000111110101
11110011111000010100001100000111
11000101101110110101101011011111
11110001000101011100011000001101
00111011001010011110001101111001
11111011001100111111111111100100
00001111011000001111111100101111
10011111110000110001101100001111
01001001010110110001001110010000
11000110001111110101001110110111
10011111111101000010010110100101
00010010110100001101110011111111
11001001001101000111101001001101
01111011001011011100010010000011
11010011101011110010111101000101
10011001010110000100000101110101
11000010101100100100111001011011
10101111001000110001110001011100
00010011111010011000111001110010
00001011110100111100001010100011
10100100000010101101000011110101
10110010111000100100010101100010
11001011100001010010000110010111
01010010011010111010111100100010
10001110100001110110011011100111
00101110001101010101011100110111
01011111001000110001110010011100
01011111100101000101011011111100
10101011100010100101100001100101
11000011101000000111011001101101
11001111001001001111100000100010
11000110111011000111100101110000
01011011011000001011000110101101
10111010100101011000010100100001
10110011001011101110101001000100
10010100111001100001000011000100
01011000011011011111001011100101
01110100101000100101010111100111
10010101001101111010011000111110
01001010001110101110111001111110
10011101101000100101000000110101
10101101110111110111110100100101
01110111011010101010110000011011
01010100101101010101011110010111
10011011001110110000110110111110
10101110101101101100000101010110
10011001011110110111001101110000
11100111100010011111000001000011
10010000011110100110000010010110
00011010000110100111111101001010
00110010011101001000100110100011
11011110101100011101010111100100
01000110101111000101001000111010
11101011101000100101100010001000
11001100100110101001100000010001
01000111111010101111001010010101
01001000011010110000100100110010
11000100010001110101111001111000
00101111100111011001011100110110
01010101010010111110110101100110
00011100000101000101010110011100
01111001000011001000110010001100
00010010001101100100001111010101
00001011000010110011111011001111
00011110101011101110100101000111
01011111101000011000010000010000
00011101111111101000000000001000
01000111100111101100000001101010
11011010011001101111001001011011
10111001011101000101111001100110
11001010101000011010001011011101
11011001111101110010101001000101
10001111011110011001101101100000
11100001101101110100101010100011
01101110000111010011001101101000
10001111101010000110001110000100
10001110110100010001011110011100
11011101001111111101110000110100
01101000100111011001110111100010
11101101010101000110101000101000
00010001001000001010011000100110
01110101110101100110000011010110
11101001101001010001111011000110
01111010111110111110101001100001
00011001011000100000111001101110
11100000010100011011000011100001
00001001010111001100100010001010
00100001100010100011111000110111
10110101111110010110101101000010
01010000010001101010111010010011
01010111010010011010010001010110
10001101000001100010111001100001
10110000001011101001101100010010
00110101010110111000010001000000
11110001000001001011111000011100
10110001101111010011111101011100
11110101111101001111111101010111
11001100011001010000110100011101
10111011111001101100101001101110
01100001100000001100111010100000
00001001011010000110010011001111
11100110111111010100110110000110
11111111100011000011010101100110
10011010011101010010110110011001
11101010110110001000111100111111
11111100010100101110110110010111
10001011001000000011000001100100
10110100100001111011101101010011
10100100100011010001010010000101
11001010101011010100101000011101
11100011100110110011010110110001
10000100110011000001011011010010
01011111000001101010101000010000
01101000011011010011000101101010
10000010000010110011010110100000
11000111010101110101000010100100
11101111111000110000111100111111
01000010101100100011001000011001
01100010011110010011000111001101
01110110001000011001000110010010
01010000010000000111011101010011
00011001010101011111101111100001
01110010111101111010101011000010
00111001010100000011011010111011
00100001110110101110010111100011
11101000001101110001110001100000
10001111100101011000000011011100
10111011001101001010101010000000
10000010111111110011101000011011
11000000101011011100011101110101
11111000101110100111000010110110
01001111110000001101100001011100
11110000101101010011001010110110
00001001010010010001000110110000
10110000011111000111111111111110
10001100110110011011100111101100
11100111010011011001001110011010
10001101101111111110001101011011
01101001111000100111101100010101
11110001101011011111110011110010
00101011010001011011000001010001
00011110001011000001001000110001
11001000010101010101110011111010
00101000101001110101010000111101
10011010000000101001001010010100
01001100111111000011010100110100
11110100101111010111001111011110
00001011001000000000111100101101
11110110010010000011001101110000
11111001000010011010010111110111
10001000110010011111000111111100
10010001101000101011001010011100
10111001011001100100100010111010
00000001111010111100001111111001
00011000101010000101110001011000
10000100101100010000011110100010
10010110010010000101100100100010
01111010011000111000011110000010
11010101110001101101000101101000
00010010110011110000100000010001
11110001000000101011101010111101
01001100000101011111100110010100
10011000110110011010101101010111
10011010100001001101011100000111
01100100111011110000000110000100
11010111101011011011001011111010
10010101110111111110100101110100
10011011011000101011100101010101
11000101011011101111101101101011
11101001000001001111000001000001
11000110111001110101000100011001
00110110001001000010101011110010
11101100001001110100111011001011
10100110000001011001011100100001
01111110111011001100111001110110
01110011010100101101110110111011
00100000011110110100110110110101
11110010011111001100011001010100
10000011111100111101111111100000
01101100101101000111101100110110
01100110101100100000111101011100
01011110000001100011110110101000
01011000010000101110010010000111
01001111101100011001001010001110
01110011111101111010000111000110
01001101011000001010110100110110
11110111110001111111010001011010
10000100001100110110100001101001
10010111011011100111110000101001
10011110000110011010110100100000
11010100111110011100000101100010
00000111000010001111010010101110
10011000000000100111110111001011
00110011100011011000101110100010
11001011010111001011001110000010
11111111111110110111010110010010
11100011011110101011101001010111
00010101011110100101000111000001
00100001111100100001101001100000
00001000011100011000110101001011
00100010101110010101011101011100
00111101100001011011100010110100
10001010100010001010110100111100
01010001001111001110011011000001
11110110100110001101100111011011
00010101100101011110110111000001
00001110010001000010001101110000
00011110101010001011111100010011
01110011000001111000100010110010
10110110000110111110000011100111
10000110111110100111101100001110
10011111011000000111011011110001
01100111001110010000101000010111
00001001011100001010101101010111
01111110110111000100111100100100
01110011100110111010101111101100
10100011011100000000010001000000
10010110101110101110100100001100
11100101111101000110111000110101
00001110111101111100111101010110
01000110100100011110010001111000
00101111101011101001000100101010
10010111111101011010001111111100
10010010000011110101101111010100
10110101000100001010100011101010
01010011000000100001100010011000
10100010001011111000011101101110
01110110101111111111110001101011
01101111000000101000110111010111
00010100010011100101110110010010
10110110000001110001101011101000
00011111010010101001111111101111
00010001100011110000000000110111
10000011111111100101110001111010
10001100010110101010100110010010
10010100000010111110010011100110
01011000010110101000011110101000
01010001010111000001010110010000
10010100110010000010110100001111
00010101110101011110111110111011
00111001111001111010111101101101
10000101010101110011110001001110
10011111111100101001001001000101
01010101001101100100010101000101
00101110001000101100101000000010
10010110010101110101011100100100
01110001111100010100000011110000
11110111011011001011111000110011
01110101011011000111110110011000
10100010110110010101010010101001
10011101101000000101000011000000
00010011110110100110101101110010
11100100001000111001011101000110
01111011101001101101101101100010
10100111101110011010000111100001
01001000010110110111100111010100
10110011011100010010110100011110
10100001100010110111100100001110
11000101101110001111101100100001
11010010010011011110000101111111
00010001110011001000101100110101
11001000100000111111010001101010
11100111001010010111101111101000
10010011100001011011010011011111
00001111100101000010110111111100
01001110011010111010000111001000
00111010101111100100000011100011
11000010011100010001000111110100
00001100111011001010001011010001
10010101011101110011100100010000
10001010010010010100100011010110
01010000110111010000110110100101
00100010011101000010100101110010
11010101011111000111000100101100
10101000001000101110111000000001
01110101110011110101010100010000
00111100110111010101001010110100
01010100110101101010011001100000
10001100011100001010101011111111
10000110011010010000010010010011
01011010000100001001011111111101
10001010100101001001000011101001
01010101111100111011100101110100
11010100000101100100001101000110
11100101010001111011100100101011
00101111000000001100011001101100
10101010001111100100001101010011
10101101100101111011111001101101
11011000010001111100000000010111
11101001110001010010011100111000
10100011100001010000101100111001
10000001010100001000011010001010
11011010010001010110101000101110
01111011011010110110010000010010
01101000001100100011100010100111
10010101000010101011001100011110
00110101110101000111000001100110
10000111010000000111010101100000
11101000110101001000111001101001
10010110011101110000000000001000
00000101110100000001100111000010
11100011011001110000011000011010
01110010100100101110000111001100
11001011010110011010111000000111
01101100011111101000111001010001
10110011100111011100111010011111
10101101010010111000101011010111
01111100111111111000100101011110
00011110011101000101000000010111
01111110001110111010001010010001
00100000111011111010100000110101
01000000010001110110101010111010
11101101011011101011010100001001
10111000111100011000110110010100
01110001101011010101000000010111
00111111011100001110010111101101
01100110000000110010101100011000
11000101011000110110000101110100
11111001111010011010110111110001
11111100101010010001011110110000
00000110001111011011001101001001
10100111110111011100011011010001
01010011011101110000010010110110
10110110111011000100010000101000
00111001011000000111001111110010
01101011010111101001001010101000
00111001011011110100001011011010
00010111010010000100010101000010
01100010101101011101011111111111
00111000011001010011011111000100
10100110100101000011011101110100
11011010100101010101000101010100
10001000001010100011001101010110
00001110000010000010010000101011
11000111101111010110010011001111
10011010011101001100110111010000
10001001101000000111101101000001
00000001101111110011011110110110
01000100111101010100110111000110
10101101111111010000101100100101
01100001111110111011110001101000
10011001001010011001110101110001
11000111010111011110101011000111
11111110010111101101011001001111
01110111010010101111101111101101
10111100110011110111010011011000
11001010011000100000111111111101
10111111111101001011010110000001
11010001000111100110110011001101
00011110001100110110100111111110
11110010100100111111110000000000
10010100011001110001001001000011
10101000011110001010011100000111
00010010010001010000011010001000
10100111010110001011110010111010
00111111101011011010100101000010
01101111000011001111010100001101
11101110101100010110111110010001
10011101110000010010001100100011
11101100101010111111001011000011
11111010110000011001000111010100
00000001111111110001111011111011
11010100111011011111111110000000
00101101000011100101110101100001
01100110010011100010111111100100
01101001010110101000101010101101
11000111100110000001000000010110
10101010011000011000000010100001
01101010011111010011111010010111
00000001011111011000111000011111
00101100000100110101010000110111
10100000100001101010111100001110
10111010110100011110100010000011
11100110101000000110110100010001
00111101111001111100111000111100
10000100100001110000011100101000
10100101101000100001000010010111
11000101011001110011010101011101
11011100100111000101100111010001
10010100100111000110110001000111
11100011101010101111011101010111
01111111101101110001101001011101
10101000100111101000001000000001
01000001001101111000000101110100
01011100000101111001010000101011
00111100010101101111110010110111
01100110001101001110110100010011
00011000111000001110110111010101
10100011010110000101001100001110
10000001111110000000101100100100
10111110101010001001000111001000
01110001010011100011010111111011
01010001111011001000011001001011
10010100010001101111101110101101
11111000011000111101100001110101
10110011000010001001000110000001
00000001001101000001001111111100
01110001110011110100111010110101
11010110110000001100111100010110
10110111000101110110101000100110
00101100001000100011101111111000
10001101001000011001010110010111
11001101011000001011001000011010
01000011101100111110001001101101
10110101111101000111011101000111
11010100010000101001101100100001
00100101111111101110110011010000
11100010110100010101010001011001
00001101011101011001011000110111
01001001000101100001100111011000
11011111001011010011001110110000
00101100010101111011000001101001
00110111111010111101110000111001
01001010111000101110011011110110
01101000000000101000100000010001
11101111000001000001101100100001
01110100111110111010101011100011
00110001111101111111111111011001
01001001011111111100111010000011
01001110100000000011111000111110
10111000000111010111011000110101
10001111000001001011110100011100
01001011001010110100101011000000
00010110110101101010000000100101
00011111001110000001110010100010
10000110001000000001011101011111
01111001110110011110010111100110
00011110101101110101111001111001
01011100010101010001001001001011
11001100010011110100101111011010
01110010010110001001010111000010
10110110011010001011010000011000
00100011101100001110000001010110
11110101011101110011110010001010
01111010011100011110110010100011
10101010100010110100000010011100
10110000110011011000001100001111
11000100101111100111000110011111
01000100010001011100010001111011
10001010010101101110100010010100
01100111101110000100001010111010
11110100010001100001010101101001
00100011011101111110001000001101
10000110011111011111111110010010
11010011100001101100110011001100
11000111110111101001110000011010
11111001000100101001100011100010
11001001110001110101110101111001
01000111110101111000111000010101
11101010101000001110010001000010
11101100010000001010011010110001
01111010001100111110111010101100
00100100110001101010100110111010
10110100110101100101111001100010
01001111011000111101101100110010
00101001000100111000011101100000
11000011001110010110110010011100
11001100101101010111000101101000
00101101101010110101011011110000
10110111011001110000011100100110
11111100110110110100011101100110
10010110011010011101100001110111
01100010101001001100011100101111
10011100000101010011110110111100
11111100011001111110001101100000
11001100100101111010101111100001
11011011011010100000110010100011
11011001110111110110110101001000
11100011111000011010100110001010
11011100011011110111100111110101
11100010100111101111011110101001
00000111000001110111111001000010
01001001010100101101000001101101
01101000010010001000000110010011
01110010101111011110000111101100
11010100111110110010001001010000
10100110000110100001011110000000
11010000100010011001110000111000
10010100010101000000000110000110
10010101011111111000110101101000
00010110110101100101001000000100
10110100100101111100111111111010
10011110100111111010001000010101
10000111001100111000110000001001
11010100111100110010111010110001
10110100001010010011111001001011
11001010101011110010101001110000
00111011011100001100010001110001
11001001110110011001011011000011
10010001101101110110101000100110
11111010101001111101001110101000
00110001110001001100010001111000
01111101010100000110001101110001
10101101101110101010100010001101
01100001111001101110011101001110
01110101101011101100110100100011
00011010110101111110100111001111
11110100010010111101000101011110
01111101111101000000100100100100
00101000101001110001111101001101
01011001000011110111011111100010
01111101111010100100101111011100
10000101101101001001110011111110
11110001010001111100001101010111
00101000001001001110110110011011
00101011010010111111100000111110
01001001010011111010110011001001
10010101010001001011001110001101
01110000010111000110101011000100
01101100011010010010101111010110
01101110001111010101111111111011
01111111011001000110100011010100
10000101000000101011001000011111
10001110101101010001110110111110
01000111011001011001111101101101
10001101111111001010001011000001
10001001110011001010100110000011
01011101111010010110010110111111
01110111001011111111010111010010
10101111110001011000011110111100
00100111001000011100100111100010
11111010010100110010010010001001
01001001011111001001101000100001
11000010111111001100101000101111
11100011111101101011111100101011
00101000001000011100010000111111
00111001010000111000111001001000
00110110011011101101000001000010
10100101100110111100111100110010
01110010111011110101110100000111
10011101100000111100001000000110
10101011000111111010111100010100
00000001101101111110001001001000
10001010010110001001110111001011
00011111000000010000001100000110
11001111010110000011010001110100
10111100100111111011011010000100
11000100010011000000110111011111
01111101110110000101100100011111
11010001111001011111011011110011
01001100111010010101100001000010
11000001001110101000010010100110
00010110000011101001001111100110
01001100011011101101011111010111
10101110010000101000100011111100
11101010010100100101111001100011
01001100100111100101110101101100
01010001000101000011101010111001
11111100110010100010110100110110
01010010101000110001101001110001
10001011110011111101100111101110
11001011010100110100100011100000
00101001001101000100011100010111
00100011100111110001110000000010
11000110101111111100101111000000
10000101000011000101110001000100
00101010100001101000110000111000
10100011000111001111101101001101
10110101101110101001000011000101
10001001101111100000100010111000
11011010110111001111010100101100
10011111101011110101000001100001
00001010101101111110001111001100
10010111010101100100111110010110
01010000011011100111000110110101
01111000100101011111100011110011
01100011110001111000000000010011
01110000100101101101111011111100
11000111100111111110111001011001
01100001101011011011100000001101
11001100010110101011011100010111
00010101101011011001000001111110
11001010011111010000010001101011
01101101110000110000100110100101
01110111111100011010100000000100
10011101110110010001010010010010
00111100110011101001111100111000
00111010101110000010101110011000
11101110010100111010010100101001
00011000010000101001010100000000
11111010100010001011101011111010
10110101011011101011100000000000
01001100100011010010011000011010
01011011111001000100111011110010
00010111001010100101110101110000
10101111110101001110011101101110
01101100110011010010111101110101
01101110010100100010001001000110
10001111110101011001010000011110
10110100000011001101111011001000
10101111011010110000010011110011
00111111010111001100111010101011
11100111110111011100111100011001
10000100100001100010010001110101
10111101010100001011001001011001
00100110111011011111011011110011
11111110001000111100101111001001
00111010001101011100011010011000
10101000011010000110011101010011
10010110010110111101000011100001
00110001011010011101001100000011
11010001101001001111000001010111
00011011101101000101110000110111
00011000100001101110010000010100
10110110011100100101101100101000
11101100010111111110110001111000
00111101001100111110001000000010
10001001000001011110010101001100
11001111100011111001010010111101
10000011101101010111000010100010
01101111010011101110000111001111
00001010111000000000101000111110
10100001000101001110110010111001
00111000111111001001000110001010
11111001011101101111100111000101
01011010011110010000111001011101
11000010011001101001011101000110
00100110000011100110010010001100
00010001100101001101010011101001
10111001010110100111010000101101
11010100100010111100100101110101
01100011001001001010000011101001
00011010010001110111101111110111
10010000000111100101101000111111
01010011100110010011001010001001
11011100011011011001010000101110
00010001100011000010001100101111
11110110110010110111110110000000
10000000011101010000111111101011
10010001100111000110010101111110
01100111100101010001010111110101
01000111011001011101100000111110
01000001110100100110111011111110
10101100011100000101010111110010
01100101111100101010100000001100
01111111101000110101001101110011
00000010010111110000001011110100
01110111101010111010100011000101
00001110100101111001000001100100
10010101011111011111001010101100
00100010110111011111011101111001
00100111100101000100100110101110
11111111100100111000110101111100
11000001001101001110001011110001
01101111001111011100011110101100
11010011100111110100010101100101
10110000101001110100100001101101
10000011001000010101100010001110
10111000010001110111011110001110
11000000000110011001000011101000
11011111011101111011011010111001
11111101110101001000010111010110
10111100001100110000001010111101
10100110110111000100001010110111
01111001110110001010111110000001
00000010111011100100100101001010
11001101101101011000101011000111
10100111111111100011011000101001
10101100000001000011100110000010
01010011000000000110011010001000
00000000010111001010111101001001
00001010011100001100000101111100
00010111001000001101000110100011
11110111000011100001000101001011
01010111110000001010111101111110
11111010001110001000101111100101
11111011110001010110100101111000
10011000100000011101111010110000
11101110000000100101101100101001
10010111001011010111001010011001
10010101111011110111010101101101
01000001000000101110101100100110
10000011101111100011001010010101
10000111100101011000001011001101
01010000010000001000000111000000
11010100111100001100111011010100
11000111001101001100000110011010
11110101111011110100001111010011
01111001110101011000111101111000
00100100011000011000100010110010
01110101111010101101101011010110
01001001110011101101000101011000
10100000111001011111100111000011
01101111101110111101110001111011
01011001010011111111110101010100
10001011110001110011100111110011
01010010011101011100110110010111
00000011000011010100101111011110
11010111100000011100110010100010
00010011110011111110110100010110
00010101010011001010001110101101
00001000000101110111000010100101
10010010101000110110101100101100
10101010001000000011101110000000
00100011000010101101001000100101
01101101010100111111100110110000
01011000010100100010101110011111
00100010101010001100101010111001
01101011111011110100100000010010
00111001110110110010000000110011
10010111011011100011000101110010
10111010101101000111010101000100
11110111000010111000100000100010
00101001111110001100101101101000
10100101110010110101011001110100
11010001111111001011101001000010
10111011011100010011011011110101
10110000101000101010000011010000
10100100011101011001011100011111
01001111011000010010010001110101
00110000100011001100001000010111
11101111111101111101110111010100
11111011011010010001001111010000
11011011001101000001101011000111
01001010000011000001011000000111
00111010011001111001110110001111
10100001111101111101100001011110
11001001111111110101110100101010
11011110110100011101010011101111
01101101101100011010111000100011
00010000000011100110111111111110
10101001010010111101010010011111
11000110011010110101110010101110
00010000101100110000101000011101
10000010110001000111001111001101
00010101001010111010101000110001
11011111000001011111101010110101
00100000000111011011000001100111
01000100000011101011101110100110
00001101011011110010011001111011
01000000101101100011101111001001
00110000111111111001010011000100
11011110111011100001011110110011
01010010100110000100100001000010
11001100100111101010101101111010
11011000111100011001010101111010
00100111110110001111101000001010
11100111111101001000000101001101
01011101111101100011101101010110
10101000001011001100101001111000
00001010000110011000111111001001
10000101100110111101111110100111
10010011001100001111110010100101
10000001001000010101011011101000
11111010001000111001111111000000
11001000001111110001100011110011
01010101011011000111110101000001
11011010100111011011111010000110
10100011110010000001111101000111
10100011001110000110111011010110
01010011111110101101100010100111
01010110001110101101111101001011
11011100100101100000011011000101
11010010001101110010111111000111
01110000001100010110000011110001
11110010100111111001100101011111
01110011011000000001100000001001
01001011010110110001000000101110
01110000101001000001111000010001
00010000110110100110100000010001
01111110110111110001101100100111
00011110110001000010110110010001
11011110111001111111111100100101
01000110100110110010000101010101
11001000001011011000000010001110
00000100101011011100111110001011
10000010010100011001100101110100
10101100000100101110001111001001
00011000011100010011001010110000
01101000100010000010010001110101
01011011110111001110100100011000
00011111011000111111011001011000
10111011111111010100001110110100
10111110111100100010011101111100
00011110110101011011100101101101
01111101110000100011100001000100
10111010111000101011110100010010
01001001001110100011001111110110
01110011110100100111100010100001
10000100000100010111000111011000
01011001011101100111111100111101
00000111000100110100101010000100
11001010101001000101110110100110
01001000101110011111100111010101
00110100110000010010010100111010
01100100111011111110011000000100
01000110111101011101110000010111
00001010100010100011010001100011
10111100100010011101010010100001
01010100100010100000110111000100
11110110101000010101110101001111
11101000111100011011000101110110
00011010010011010010000010011010
01000000011011011111010100011011
11101101010111100111000010100011
01010101010110110100100000100101
00101100100000110010111110011100
10010111011101000011110000111110
11011101111001001000101001100010
10111011000101101111110000010010
00010110001000001110010001110001
01001011011010010001010100111010
00111111010100101110001101100001
00010101111100011000000010100011
00101001011001010101001001100001
10111000001010011100100011100101
10000011011101100000110110001101
11001110111111010100000011110010
00011101001100000110011000100100
00001101011010111101101010011110
01101101101011100101001000100111
10011101110100100001111011100001
10011110100111011101001011011000
01110011110010011100010010001111
01010111000010011111110001011101
01100000110101011010101101001110
10100101101110100000100000101010
11110001101110000011010101110111
01110101010110001101100001100100
01000110100110111100001100110100
10101100010110110000111101010100
01101000001000000010101110110011
11101100110000010100110101101100
01111010100011000100101110010111
00011010101000000101001101000101
00011101011010011011000100010010
01011011110001101100101100111101
00001101001010101000100111101010
00101100111011110111110011111111
01111100001010000110000001110010
10101110011111010011111101000001
00000110100110110100101110010010
10111011000010100011110111011011
10100101010000000111000100011000
10101001101001111011101110101011
01110111000110000100001010000001
11110000000101001001001101111011
10100001000111000111101001111110
11011111101001101100010111000101
11100010110010010100011111100010
01000110001001111010000110010101
00010100100111101011011011100011
11011101101000111110100101011011
01100110000011100100001010111000
01010100101100010110000101101000
01111010010110000000000010111000
01001101101000100100011010111010
01011101001011100000101001010100
11110001010110101101011001001111
11011011000000110101110001111101
11000011000101110000100011000100
01110101111101111010100010011110
10011100001111001001010110110011
10000101110010110010111101011011
11101111101101111001101100001000
11010011010111001101010011001110
00100111110000011011010100010001
11100010010000110010001001111010
10010111000100001100000110100101
00000000110000001011101100101000
11100101001010110000011001010111
00101111001100101101100100001001
00000010011000000010000100010101
01001101011101011011111001111111
00111000001100111101011110001101
10101111101010010110101011001100
10011110111101110101011010100100
11111001100101000111011011101011
11100000100110111000100000101001
01010010100111001100110000000110
10001010001100010000100101000010
10110001100110100011011000011101
10110111101110000101111001101000
10000110111100000011001101110111
10010110110110110001011101011000
11000101101010111010011001000101
00010100000100110001110111100001
11001011101001000110100111110011
00001111110011101111001111011100
10001100001000101010110111001110
11011000111011101110101010001111
00010011101111111001111100001111
00110110101100101010011011001101
00110001101011111001110100001011
11101100111010101000010111100001
11101100000010010110111010001010
00110011111001011001010110001011
00001001111010010001110000110010
10111000111001100001001010101111
11001001101010111110011101101001
01010111001000001100001100000111
00011001101000101111100011100000
10101101110010000100010001100111
00111101011011100100001110000001
10100101010110111010000010101111
01010000111000111010010110111111
00100110000111100111000001110110
11101010011101001111011110100011
00100001101000011010110011110001
11011001000111101001001011001100
01100110000010100110110111110100
01001110100011011000100101001011
10110111010111111010110101101110
10001001010100100001111110011101
11111111101000000000010001100010
11000100011011000101000101011100
11001010110111110011011000010110
10000010100010100000011100011101
01111110101100011010110011100111
01010001000111111000101001010010
01000110101100011000100001100101
11000111001001111100000011101011
01110100011111100101110100000000
11011010000111010001100000000010
00000011001100000111001001010111
11110011010010111110000101111111
11100110000010010101001111100111
11111110110000000001001111011111
00000000001000110010101101111011
00100101000000100110001010000111
01101101100100010000100011111000
00110111010101100100101000100001
00101101000100001000000010010110
00110010111010111011010011110100
11111111011100111000100111111001
01011101000100111000111101001110
11000101111010000100010010111001
01010110100001101001111001110011
01011101101000100010011110001000
10011010001000101000100010111111
11100110111000100001001111111100
00001101111011101011010111110100
00111100010010100111101101100110
11100000000110110100100111010000
00011100100010100000010110010001
11001101010011001111111111011001
01110110100111001101111000111010
01101110110000001010010111011110
00111110011000100101110001000111
10001100100000101010110010001100
10111001101101011011111111001011
00001010010100101000100011101010
10100001101101000100001110101001
00100010010110111111101011010111
10100101100100111011111111001101
11101001101000001010010111111100
01101110010110001110001111010011
01011110000001100010001111110000
11010010000010010000000101001111
01110111000000110100000110001001
00011110000101001110000110000011
00101111001000001110010011110110
00100111010001110000001000100011
10011000000100110111011011101001
10011001111000001000110100111100
11011110010011011010110100101011
00110110000010101001000010110100
01000001010001100001101100000111
11011100110000010000100111100010
00111111110001010100001100001000
11110001110000011111000101011000
11010101100010010100111010100001
00001110000110101111010000001101
11010001100101001110100001100011
11000001100101010110100110010001
00000101000111001001001011000010
11111111001100000101110101011001
10001111001011100110111111010110
01001001101110101111101101001000
01000001001000000100101011011110
01100010000100011100100110000111
11111100010010110010110000100110
00101100000000001110001100001011
01111010001111100001100101010010
01101001011011110001000100111010
10001101110000000110011101010011
00111001001001100000010011011101
10010111101110010101011010011100
10010010010101010000010011000111
11010000001110011010000100010111
00100011100010001010100000111111
00000001000100100110101110000001
10110100000001010111100001000100
11100110110111101110001101000011
10100001000011111000110001110111
10001101101001101000011000001100
11101001111000011110000101011000
01010101110111000111100010101100
00100001110000011000100011111001
01100001011000111110011110000110
10010110111001001001110101001100
11011111100001100011011010010001
11100110011001100101100101100100
11110100110111100010100001101110
01101110101001100101110101110000
10111110011001110111111100000100
10001000011010011101100000001111
01101100001111100011111110000001
01000101110110111001011110011110
00010011001011000010011001000011
11110110000010110001110001111101
11010011000100110111110110110000
01010011011111111111111110111010
01110100010001011000101110011001
00011101101001011100110110010010
01110101111010110100011100111100
10101100111110110000000010111001
00000011101000110000000000000000
00000000001111000000000101011100
11001110110000001000001101000110
10001011011100000010000111110001
00001011001111010000000000000000
00000111000000000010101110000100
01001101000000000000000000000100
00001111111111110000010000001010
11111111110010111111011101100100
01100110001000111111011111111001
11000111110001000000000000000000
11111111000000001000100100010010
00111011100111100000000000000000
00000101000000001000101110000100
00100011000000000000000000000100
00000000001010010100011011001000
00010100110011100000111011111010
10000001110110110011100011011100
01011111001110011010010000100010
00010111100110000011001001010001
01010100000001000011011110001011
10010001000011010110011111100100
01001101111110101000011001101101
01110100000101010011000110110011
10111001100101001000100011010001
01010000001011000100111111110011
01100000001010011100111110110100
00100101001001101111010111011000
11101000100011100101110011111011
01111001100101000000001010010011
01100000001101000101001000000111
01011010110101011111011110110001
11100001011111010111111011011111
01011100000000010000000010100111
10001011110111010110011100100111
01101001110110101011110100111001
00100000001000110100011001110110
00110110011011111011001100000011
10110110100000011101011000111001
01010100001110011111011111110011
01010000000100010011011100011111
11111001010100011101000111100100
10101011011001000110010101010110
01101110000101100100010100000010
01000011010011001110000111100001
00101011010000000100000101101101
01111011111001000010001000100111
10110101001011010001001000010011
10011010001011100010111101101101
10010101000000010011001111001111
00111001110001111110010100010110
11100101110101100011010001110101
01100001111101000111111101011001
10010110010011111110110100010011
11000111011001111100111001100100
10110110001101100110111111101010
11111001100010111010011100100001
10011111010001110010010001010110
10111111000010000111100110110011
10001101111010010001010000110011
01000010111010001010001011111111
01000010110111001011101110100011
10001111001001111001011001110010
01000111111000011111101011101111
00001101100101000111110000011000
10011000110000110110110101100011
10000001110110101111000011000100
10111001110011101101010010011101
11100011000011001100010101111110
11011010111101110110011000110111
11101010110010110000010111110101
01011011001001011001010000110100
00000101111010110011100110000000
10111111111010011110111010110111
01111000110101000010100000110101
11101110010001001010011101111000
00101111110010011100100010111011
00100000111001110110111000001100
00101110011000101010100001100000
00010000111110101010100110100101
10000011001111000100111010111011
10000000011011111101010011010110
01000011011101100101110001110001
01000111000110100000110100111101
00100010001101011010111000100101
00010110011000100001010010000011
10110001001000000000000101001011
00001000000111101111100101000100
11110111001011101101110011011011
11111100001000000010110000001000
11101011001101011010111101010111
11001001010111010111000001100010
01011000000111100110001110100010
11110111010010101001000111001000
10010001011110000101000101111011
11100111001100011000100000100010
11000011001010000000100111101101
10110001001011010000010001000010
11100011001011111110010110010101
11100010001111000111000110110110
00000001100100101010100111111011
01000001100010001111111000110101
10000111111001011001000001010101
01011101111110001111011101010110
01001000010010100010110100011000
11011101010101101110010011101101
11110110100101001100011011000101
10000001010110110110000001011000
10111000010010001110110001101010
01100111100001110010101101101111
10110001101000010010100011100001
01000001001011110001101100110101
10100100001111100011110001010000
10011011100111101000111011011110
00000110100101111110010010110000
11010000111011011010110111000111
00110100110111010001110110010000
00101101001001011101100100101100
10010100101101011000001110111010
11011110011111000100110110000010
00011011100110100010000111100100
00100000011101001110001001001001
01111010111011110100111000001111
11100001010101011000111001001001
01010100011010010110100110101001
11011001000011011011001010111111
11100100011111101001111110111001
01000001011100001111110000110001
01111011110000110100011101000010
00001101101000001111001100010010
00011101111011011011010101000111
01110111010000001010011110111111
11100001111010110101001100110101
01110011011010110000100111101011
10010110110011100101001011001101
11011010101011011100001000001101
11110110111100000000011101000100
10101000111110010101111000010110
01010011001110100100000110111100
10001000001010011101001010010110
01000001001000001110000001001101
01110110101111010010000001011101
11011011000110100100100110010001
00100011100011000110110101111111
10111001000010111111101110011011
01000001110100000000010110100101
10111110000110110010100110000101
00111001110111011110010101110011
01110111001001110010100110101100
01100101000001101101100111111010
01101110010110111010000101000111
11010111101001101001001111001111
00110111001001011110100000011101
11110110111101110101101011110100
00000010010001101100001100000100
01000011001001001000111011101110
00011000110101011000001100001000
01100011011000011101101111010000
01000011101010011100011011101110
00010011010011010101110111110001
11011000100101110001110001001100
11000101110011100010100100110000
00101001100010000010000101010000
01110110101011001001110001100101
01010100100001111101000010000100
00100100000010000000111010111110
11110000010100010100000010000010
01101110001001000000010011111111
01000011100001011100010110010011
11001001110010000111111100000011
01000011000010100111010100001011
11011110001011100010011101010110
11010010011111000101110111111001
11110110110111011001111011110100
11011100011111100000011100011011
11010110011101110010110000010101
11101011101111110111110110001000
01001111100010011111111010011001
11011101010011110000101010010100
11011100110110110111100111101111
01100001001111001100101000100110
01011111000110010000111110000111
11000101011011100101100101100101
11000001110000000100110011100101
11010111111110110110011110000100
10110110010110011000101100110111
00111111110101000010101000000111
00000010010100000010000111111111
11000001100011101001100100011010
11111101011111111011101000000001
01101110010111100001101111010111
11100011010001101001101000011100
10011100011010011110111110000110
11010101110001101111000011101011
11000101111110101111011111100001
10101001111110010111000101110110
00100011110111010101110100100010
00000111001111101111100100111100
00001100110001100111000110001000
01100011111001100111100011111101
01111011110100110011001010111000